No.	MolID	Molecule	ZM1	ZM1V	ZM2	ZM2V	Qindex	SNar	HNar	GNar	Xt	Ram	Pol	LPRS	VDA	MSD	SMTI	SMTIV	GMTI	GMTIV	Xu	SPI	W	WA	Har	Har2	QW	TI1	TI2	HyDp	RHyDp	w	ww	Rww	Wap	WhetZ	Whetm	Whetv	Whete	Whetp	J	JhetZ	Jhetm	Jhetv	Jhete	Jhetp	MAXDN	MAXDP	DELS	TIE	S0K	S2K	S3K	PHI	BLI	PW2	PW3	PW4	PW5	PJI2	CSI	ECC	AECC	DECC	MDDD	UNIP	CENT	VAR	BAC	Lop	ICR	X0	X1	X2	X3	X4	X5	X0A	X1A	X2A	X3A	X4A	X5A	X0v	X1v	X2v	X3v	X4v	X5v	X0Av	X1Av	X2Av	X3Av	X4Av	X5Av	X0sol	X1sol	X2sol	X3sol	X4sol	X5sol	XMOD	RDCHI	RDSQ
1	C8_01.hin	n-octane	26	26	24	24	0	4.159	1.6	1.682	0.49	0	5	24.172	21	0.463	306	306	231	231	8.584	4.129	84	3	9.502	13.743	84	-9.743	3.284	210	10.564	84	210	10.564	84	84	84	84	84	84	2.53	2.53	2.53	2.53	2.53	2.53	0.135	0.256	1.024	10.446	16	7	7.2	7	1.678	0.458	0.223	0.101	0.048	0.75	74	44	5.5	1	4	16	40	12	16	2	2	6.243	3.914	2.414	1.457	0.854	0.479	0.78	0.559	0.402	0.291	0.213	0.16	6.243	3.914	2.414	1.457	0.854	0.479	0.78	0.559	0.402	0.291	0.213	0.16	6.243	3.914	2.414	1.457	0.854	0.479	23.485	1.997	24.823
2	C8_02.hin	2-methyl-heptane	28	28	26	26	1	3.871	1.5	1.622	0.508	1	5	23.694	19.75	0.431	288	288	211	211	8.37	4.787	79	2.821	9.731	14.1	79	-9.163	2.999	185	10.862	79	185	10.862	79	79	79	79	79	79	2.716	2.716	2.716	2.716	2.716	2.716	0.429	0.287	1.65	11.014	22	5.143	7.2	5.143	1.616	0.502	0.212	0.087	0.043	1	65	39	4.875	0.906	3.75	15	38	12	18	1.906	1.906	6.406	3.77	2.89	1.385	0.803	0.433	0.801	0.539	0.413	0.277	0.201	0.144	6.406	3.77	2.89	1.385	0.803	0.433	0.801	0.539	0.413	0.277	0.201	0.144	6.406	3.77	2.89	1.385	0.803	0.433	22.62	1.909	25.922
3	C8_03.hin	3-methyl-heptane	28	28	27	27	1	3.871	1.5	1.622	0.508	1	6	23.369	19	0.41	276	276	199	199	8.255	4.738	76	2.714	9.814	14.267	76	-8.815	2.682	170	10.981	76	170	10.981	76	76	76	76	76	76	2.862	2.862	2.862	2.862	2.862	2.862	0.38	0.329	1.691	11.11	24	5.143	5	5.143	1.632	0.5	0.262	0.094	0.047	1	63	38	4.75	0.813	3.5	14	40	12	18	1.906	1.906	6.406	3.808	2.656	1.747	0.757	0.493	0.801	0.544	0.379	0.291	0.189	0.164	6.406	3.808	2.656	1.747	0.757	0.493	0.801	0.544	0.379	0.291	0.189	0.164	6.406	3.808	2.656	1.747	0.757	0.493	22.848	1.885	26.379
4	C8_04.hin	4-methyl-heptane	28	28	27	27	1	3.871	1.5	1.622	0.508	1	6	23.252	18.75	0.403	272	272	195	195	8.22	4.721	75	2.679	9.837	14.317	75	-8.699	2.524	165	11.014	75	165	11.014	75	75	75	75	75	75	2.92	2.92	2.92	2.92	2.92	2.92	0.37	0.34	1.705	11.1	18	5.143	5	5.143	1.632	0.492	0.255	0.126	0.032	1	61	37	4.625	0.875	3.313	13	46	12	18	1.906	1.906	6.406	3.808	2.683	1.563	1.13	0.289	0.801	0.544	0.383	0.26	0.226	0.144	6.406	3.808	2.683	1.563	1.13	0.289	0.801	0.544	0.383	0.26	0.226	0.144	6.406	3.808	2.683	1.563	1.13	0.289	22.848	1.879	26.51
5	C8_05.hin	3-ethyl-hexane	28	28	28	28	1	3.871	1.5	1.622	0.508	1	7	22.92	18	0.381	260	260	183	183	8.082	4.725	72	2.571	9.92	14.483	72	-8.351	2.054	150	11.133	72	150	11.133	72	72	72	72	72	72	3.074	3.074	3.074	3.074	3.074	3.074	0.333	0.282	1.651	11.157	20	5.143	3.673	5.143	1.648	0.492	0.302	0.134	0.036	0.667	54	33	4.125	0.656	3.5	12	48	12	22	1.561	1.561	6.406	3.846	2.471	1.852	1.105	0.408	0.801	0.549	0.353	0.265	0.221	0.204	6.406	3.846	2.471	1.852	1.105	0.408	0.801	0.549	0.353	0.265	0.221	0.204	6.406	3.846	2.471	1.852	1.105	0.408	23.076	1.851	26.966
6	C8_06.hin	2,2-dimethyl-hexane	32	32	30	30	3	3.466	1.391	1.542	0.537	2	5	22.835	17.75	0.38	260	260	179	179	8.027	5.151	71	2.536	10.176	14.767	71	-8.235	2.472	149	11.433	71	149	11.433	71	71	71	71	71	71	3.112	3.112	3.112	3.112	3.112	3.112	0.698	0.294	2.249	12.054	19.245	3.111	7.2	3.111	1.526	0.556	0.2	0.078	0.047	0.667	56	34	4.25	0.75	3.063	13	38	12	24	1.5	1.5	6.621	3.561	3.664	1.28	0.707	0.53	0.828	0.509	0.407	0.256	0.177	0.177	6.621	3.561	3.664	1.28	0.707	0.53	0.828	0.509	0.407	0.256	0.177	0.177	6.621	3.561	3.664	1.28	0.707	0.53	21.364	1.774	28
7	C8_07.hin	2,3-dimethyl-hexane	30	30	30	30	2	3.584	1.412	1.565	0.528	2	7	22.713	17.5	0.371	254	254	175	175	7.978	5.197	70	2.5	10.108	14.733	70	-8.119	2.229	143	11.367	70	143	11.367	70	70	70	70	70	70	3.171	3.171	3.171	3.171	3.171	3.171	0.463	0.328	2.321	11.83	22	3.938	3.673	3.938	1.577	0.542	0.288	0.092	0.032	0.667	54	33	4.125	0.656	3.125	12	44	12	24	1.5	1.561	6.569	3.681	3.01	1.882	0.789	0.333	0.821	0.526	0.376	0.269	0.197	0.167	6.569	3.681	3.01	1.882	0.789	0.333	0.821	0.526	0.376	0.269	0.197	0.167	6.569	3.681	3.01	1.882	0.789	0.333	22.084	1.788	27.791
8	C8_08.hin	2,4-dimethyl-hexane	30	30	29	29	2	3.584	1.412	1.565	0.528	2	6	22.84	17.75	0.377	258	258	179	179	8.009	5.252	71	2.536	10.059	14.65	71	-8.235	2.34	147	11.3	71	147	11.3	71	71	71	71	71	71	3.099	3.099	3.099	3.099	3.099	3.099	0.454	0.319	2.288	11.725	22	3.938	5	3.938	1.57	0.54	0.247	0.101	0.029	0.667	54	33	4.125	0.656	3.25	13	38	10	24	1.5	1.561	6.569	3.664	3.143	1.571	0.971	0.333	0.821	0.523	0.393	0.262	0.194	0.167	6.569	3.664	3.143	1.571	0.971	0.333	0.821	0.523	0.393	0.262	0.194	0.167	6.569	3.664	3.143	1.571	0.971	0.333	21.983	1.798	27.552
9	C8_09.hin	2,5-dimethyl-hexane	30	30	28	28	2	3.584	1.412	1.565	0.528	2	5	23.187	18.5	0.398	270	270	191	191	8.133	5.325	74	2.643	9.966	14.467	74	-8.583	2.682	161	11.167	74	161	11.167	74	74	74	74	74	74	2.928	2.928	2.928	2.928	2.928	2.928	0.447	0.28	2.241	11.607	12	3.938	7.2	3.938	1.554	0.546	0.203	0.075	0.059	0.667	56	34	4.25	0.75	3.5	14	36	8	24	1.5	1.5	6.569	3.626	3.365	1.321	0.667	0.667	0.821	0.518	0.421	0.264	0.167	0.167	6.569	3.626	3.365	1.321	0.667	0.667	0.821	0.518	0.421	0.264	0.167	0.167	6.569	3.626	3.365	1.321	0.667	0.667	21.755	1.823	27.047
10	C8_10.hin	3,3-dimethyl-hexane	32	32	32	32	3	3.466	1.391	1.542	0.537	2	7	22.351	16.75	0.353	244	244	163	163	7.847	5.086	67	2.393	10.318	15.033	67	-7.771	1.97	131	11.633	67	131	11.633	67	67	67	67	67	67	3.373	3.373	3.373	3.373	3.373	3.373	0.658	0.33	2.333	12.244	22	3.111	3.673	3.111	1.552	0.554	0.283	0.091	0.016	0.667	52	32	4	0.5	2.813	11	46	12	24	1.5	1.5	6.621	3.621	3.268	1.884	0.854	0.177	0.828	0.517	0.363	0.269	0.213	0.177	6.621	3.621	3.268	1.884	0.854	0.177	0.828	0.517	0.363	0.269	0.213	0.177	6.621	3.621	3.268	1.884	0.854	0.177	21.728	1.737	28.744
11	C8_11.hin	3,4-dimethyl-hexane	30	30	31	31	2	3.584	1.412	1.565	0.528	2	8	22.478	17	0.357	246	246	167	167	7.881	5.165	68	2.429	10.179	14.867	68	-7.887	1.993	134	11.467	68	134	11.467	68	68	68	68	68	68	3.292	3.292	3.292	3.292	3.292	3.292	0.417	0.328	2.353	11.938	16	3.938	2.813	3.938	1.594	0.542	0.332	0.096	0.015	0.667	52	32	4	0.5	3	12	40	10	24	1.5	1.5	6.569	3.719	2.771	2.259	0.805	0.167	0.821	0.531	0.346	0.282	0.201	0.167	6.569	3.719	2.771	2.259	0.805	0.167	0.821	0.531	0.346	0.282	0.201	0.167	6.569	3.719	2.771	2.259	0.805	0.167	22.312	1.768	28.164
12	C8_12.hin	2-methyl-3-ethyl-pentane	30	30	31	31	2	3.584	1.412	1.565	0.528	2	8	22.357	16.75	0.349	242	242	163	163	7.827	5.178	67	2.393	10.201	14.917	67	-7.771	1.631	129	11.5	67	129	11.5	67	67	67	67	67	67	3.355	3.355	3.355	3.355	3.355	3.355	0.454	0.303	2.301	11.896	18	3.938	2.813	3.938	1.594	0.538	0.328	0.122	0	1	43	27	3.375	0.625	3.25	11	46	10	26	1.406	1.406	6.569	3.719	2.821	1.992	1.231	0	0.821	0.531	0.353	0.249	0.246	0	6.569	3.719	2.821	1.992	1.231	0	0.821	0.531	0.353	0.249	0.246	0	6.569	3.719	2.821	1.992	1.231	0	22.312	1.76	28.294
13	C8_13.hin	3-methyl-3-ethyl-pentane	32	32	34	34	3	3.466	1.391	1.542	0.537	2	9	21.98	16	0.331	232	232	151	151	7.69	5.066	64	2.286	10.438	15.25	64	-7.423	1.309	118	11.8	64	118	11.8	64	64	64	64	64	64	3.583	3.583	3.583	3.583	3.583	3.583	0.625	0.354	2.333	12.412	14.49	3.111	2.222	3.111	1.578	0.56	0.362	0.083	0	1	41	26	3.25	0.563	3	10	48	10	26	1.406	1.406	6.621	3.682	2.871	2.561	0.75	0	0.828	0.526	0.319	0.285	0.25	0	6.621	3.682	2.871	2.561	0.75	0	0.828	0.526	0.319	0.285	0.25	0	6.621	3.682	2.871	2.561	0.75	0	22.092	1.703	29.355
14	C8_14.hin	2,2,3-trimethyl-pentane	34	34	35	35	4	3.178	1.315	1.488	0.561	3	8	21.881	15.75	0.326	230	230	147	147	7.615	5.461	63	2.25	10.576	15.417	63	-7.307	1.731	115	11.967	63	115	11.967	63	63	63	63	63	63	3.623	3.623	3.623	3.623	3.623	3.623	0.741	0.306	2.86	13.044	19.245	2.52	2.813	2.52	1.492	0.603	0.307	0.061	0	1	43	27	3.375	0.625	2.563	11	38	10	30	1.299	1.406	6.784	3.481	3.675	2.091	0.612	0	0.848	0.497	0.368	0.261	0.204	0	6.784	3.481	3.675	2.091	0.612	0	0.848	0.497	0.368	0.261	0.204	0	6.784	3.481	3.675	2.091	0.612	0	20.888	1.658	29.94
15	C8_15.hin	2,2,4-trimethyl-pentane	34	34	32	32	4	3.178	1.315	1.488	0.561	3	5	22.271	16.5	0.346	242	242	159	159	7.752	5.58	66	2.357	10.431	15.167	66	-7.655	2.097	127	11.767	66	127	11.767	66	66	66	66	66	66	3.389	3.389	3.389	3.389	3.389	3.389	0.728	0.285	2.785	12.726	17.245	2.52	7.2	2.52	1.464	0.593	0.18	0.097	0	1	45	28	3.5	0.625	2.875	12	36	8	30	1.299	1.299	6.784	3.417	4.159	1.021	1.225	0	0.848	0.488	0.416	0.204	0.204	0	6.784	3.417	4.159	1.021	1.225	0	0.848	0.488	0.416	0.204	0.204	0	6.784	3.417	4.159	1.021	1.225	0	20.499	1.689	29.222
16	C8_16.hin	2,3,3-trimethyl-pentane	34	34	36	36	4	3.178	1.315	1.488	0.561	3	9	21.748	15.5	0.319	226	226	143	143	7.564	5.445	62	2.214	10.625	15.5	62	-7.191	1.569	111	12.033	62	111	12.033	62	62	62	62	62	62	3.708	3.708	3.708	3.708	3.708	3.708	0.708	0.317	2.894	13.134	20	2.52	2.222	2.52	1.502	0.608	0.345	0.047	0	1	41	26	3.25	0.563	2.625	10	44	10	30	1.299	1.406	6.784	3.504	3.497	2.474	0.408	0	0.848	0.501	0.35	0.275	0.204	0	6.784	3.504	3.497	2.474	0.408	0	0.848	0.501	0.35	0.275	0.204	0	6.784	3.504	3.497	2.474	0.408	0	21.024	1.646	30.18
17	C8_17.hin	2,3,4-trimethyl-pentane	32	32	33	33	3	3.296	1.333	1.51	0.551	3	8	22.139	16.25	0.338	236	236	155	155	7.705	5.586	65	2.321	10.389	15.167	65	-7.539	1.866	122	11.733	65	122	11.733	65	65	65	65	65	65	3.464	3.464	3.464	3.464	3.464	3.464	0.491	0.315	2.889	12.612	14	3.111	2.813	3.111	1.523	0.588	0.31	0.077	0	1	43	27	3.375	0.625	2.938	11	42	8	30	1.299	1.406	6.732	3.553	3.347	2.103	0.77	0	0.842	0.508	0.372	0.263	0.192	0	6.732	3.553	3.347	2.103	0.77	0	0.842	0.508	0.372	0.263	0.192	0	6.732	3.553	3.347	2.103	0.77	0	21.321	1.7	29.12
18	C8_18.hin	2,2,3,3-tetramethylbutane	38	38	40	40	6	2.773	1.231	1.414	0.601	4	9	21.241	14.5	0.295	214	214	127	127	7.313	5.679	58	2.071	11	16	58	-6.727	1.411	97	12.5	58	97	12.5	58	58	58	58	58	58	4.02	4.02	4.02	4.02	4.02	4.02	0.813	0.271	3.25	14.291	6.49	1.75	2.222	1.75	1.393	0.67	0.321	0	0	0.5	34	22	2.75	0.375	2.25	10	36	6	40	0.811	0.811	7	3.25	4.5	2.25	0	0	0.875	0.464	0.375	0.25	0	0	7	3.25	4.5	2.25	0	0	0.875	0.464	0.375	0.25	0	0	7	3.25	4.5	2.25	0	0	19.5	1.549	31.825
																																																																																																								
																																																																																																								
